name: recover
channels:
  - conda-forge
dependencies:
  - appnope=0.1.4=pyhd8ed1ab_0
  - asttokens=2.4.1=pyhd8ed1ab_0
  - bzip2=1.0.8=h93a5062_5
  - ca-certificates=2024.2.2=hf0a4a13_0
  - comm=0.2.2=pyhd8ed1ab_0
  - debugpy=1.8.1=py311h92babd0_0
  - decorator=5.1.1=pyhd8ed1ab_0
  - exceptiongroup=1.2.0=pyhd8ed1ab_2
  - executing=2.0.1=pyhd8ed1ab_0
  - importlib-metadata=7.1.0=pyha770c72_0
  - importlib_metadata=7.1.0=hd8ed1ab_0
  - ipykernel=6.29.3=pyh3cd1d5f_0
  - ipython=8.24.0=pyh707e725_0
  - jedi=0.19.1=pyhd8ed1ab_0
  - jupyter_client=8.6.2=pyhd8ed1ab_0
  - jupyter_core=5.7.2=py311h267d04e_0
  - krb5=1.21.2=h92f50d5_0
  - libcxx=17.0.6=h5f092b4_0
  - libedit=3.1.20191231=hc8eb9b7_2
  - libexpat=2.6.2=hebf3989_0
  - libffi=3.4.2=h3422bc3_5
  - libsodium=1.0.18=h27ca646_1
  - libsqlite=3.45.2=h091b4b1_0
  - libzlib=1.2.13=h53f4e23_5
  - matplotlib-inline=0.1.7=pyhd8ed1ab_0
  - ncurses=6.4.20240210=h078ce10_0
  - nest-asyncio=1.6.0=pyhd8ed1ab_0
  - openssl=3.3.0=hfb2fe0b_3
  - packaging=24.0=pyhd8ed1ab_0
  - parso=0.8.4=pyhd8ed1ab_0
  - pexpect=4.9.0=pyhd8ed1ab_0
  - pickleshare=0.7.5=py_1003
  - pip=24.0=pyhd8ed1ab_0
  - platformdirs=4.2.2=pyhd8ed1ab_0
  - prompt-toolkit=3.0.42=pyha770c72_0
  - psutil=5.9.8=py311h05b510d_0
  - ptyprocess=0.7.0=pyhd3deb0d_0
  - pure_eval=0.2.2=pyhd8ed1ab_0
  - pygments=2.18.0=pyhd8ed1ab_0
  - python=3.11.8=hdf0ec26_0_cpython
  - python-dateutil=2.9.0=pyhd8ed1ab_0
  - python_abi=3.11=4_cp311
  - pyzmq=26.0.3=py311h9bed540_0
  - readline=8.2=h92ec313_1
  - setuptools=69.5.1=pyhd8ed1ab_0
  - six=1.16.0=pyh6c4a22f_0
  - stack_data=0.6.2=pyhd8ed1ab_0
  - tk=8.6.13=h5083fa2_1
  - tornado=6.4=py311h05b510d_0
  - traitlets=5.14.3=pyhd8ed1ab_0
  - typing_extensions=4.11.0=pyha770c72_0
  - tzdata=2024a=h0c530f3_0
  - wcwidth=0.2.13=pyhd8ed1ab_0
  - wheel=0.43.0=pyhd8ed1ab_1
  - xz=5.2.6=h57fd34a_0
  - zeromq=4.3.5=hcc0f68c_4
  - zipp=3.17.0=pyhd8ed1ab_0
  - pip:
      - alembic==1.13.1
      - annotated-types==0.6.0
      - anyio==4.3.0
      - arrow==1.3.0
      - asgiref==3.8.1
      - attrs==24.2.0
      - bcrypt==4.2.0
      - blinker==1.7.0
      - certifi==2024.2.2
      - charset-normalizer==3.3.2
      - click==8.1.7
      - distro==1.9.0
      - flask==3.0.3
      - flask-alembic==3.0.1
      - flask-cors==4.0.0
      - flask-migrate==4.0.7
      - flask-sqlalchemy==3.1.1
      - greenlet==3.0.3
      - h11==0.14.0
      - httpcore==1.0.5
      - httpx==0.27.0
      - ics==0.8.0.dev0
      - ics-vtimezones==2020.2
      - idna==3.7
      - importlib-resources==6.4.4
      - itsdangerous==2.1.2
      - jinja2==3.1.3
      - mako==1.3.3
      - markupsafe==2.1.5
      - openai==1.20.0
      - pydantic==2.7.0
      - pydantic-core==2.18.1
      - pytz==2024.1
      - requests==2.32.3
      - sniffio==1.3.1
      - sqlalchemy==2.0.29
      - tatsu==5.12.1
      - tqdm==4.66.2
      - types-python-dateutil==2.9.0.20240906
      - urllib3==2.2.2
      - werkzeug==3.0.2
prefix: /Users/leo/micromamba/envs/recover
